 BEGIN header
  
 MgO                                                                             
 END header
  
                                      0                                     F   F   F   F            <-- c
                     -2.5888307086826956E+002   -2.5888307086826956E+002                             <-- E
                      8.2392059086490121E+000    0.0000000000000000E+000    0.0000000000000000E+000  <-- h
                      0.0000000000000000E+000    8.2392059086490121E+000    0.0000000000000000E+000  <-- h
                      0.0000000000000000E+000    0.0000000000000000E+000    8.2392059086490121E+000  <-- h
                     -1.4750624666510983E-003    0.0000000000000000E+000    1.6940658945086007E-021  <-- S
                      0.0000000000000000E+000   -1.4728241014198183E-003    0.0000000000000000E+000  <-- S
                      1.6940658945086007E-021    0.0000000000000000E+000   -1.4728241014198185E-003  <-- S
 O               1    4.1196029543245061E+000    4.1196029543245061E+000    4.1196029543245061E+000  <-- R
 O               2    4.1196029543245061E+000    0.0000000000000000E+000    0.0000000000000000E+000  <-- R
 O               3    0.0000000000000000E+000    4.1196029543245061E+000    0.0000000000000000E+000  <-- R
 O               4    0.0000000000000000E+000    0.0000000000000000E+000    4.1196029543245061E+000  <-- R
 Mg              1    4.1196029543245061E+000    0.0000000000000000E+000    4.1196029543245061E+000  <-- R
 Mg              2    4.1196029543245061E+000    4.1196029543245061E+000    0.0000000000000000E+000  <-- R
 Ca              1    0.0000000000000000E+000    0.0000000000000000E+000    0.0000000000000000E+000  <-- R
 Ca              2    0.0000000000000000E+000    4.1196029543245061E+000    4.1196029543245061E+000  <-- R
 O               1    0.0000000000000000E+000    0.0000000000000000E+000    0.0000000000000000E+000  <-- F
 O               2    0.0000000000000000E+000    0.0000000000000000E+000    0.0000000000000000E+000  <-- F
 O               3    0.0000000000000000E+000    0.0000000000000000E+000    0.0000000000000000E+000  <-- F
 O               4    0.0000000000000000E+000    0.0000000000000000E+000    0.0000000000000000E+000  <-- F
 Mg              1    0.0000000000000000E+000    0.0000000000000000E+000    0.0000000000000000E+000  <-- F
 Mg              2    0.0000000000000000E+000    0.0000000000000000E+000    0.0000000000000000E+000  <-- F
 Ca              1    0.0000000000000000E+000    0.0000000000000000E+000    0.0000000000000000E+000  <-- F
 Ca              2    0.0000000000000000E+000    0.0000000000000000E+000    0.0000000000000000E+000  <-- F
  
                                      1                                     F   T   T   F            <-- c
                     -2.5891814014048191E+002   -2.5891814014048191E+002                             <-- E
                      9.1509384625034862E+000    0.0000000000000000E+000    0.0000000000000000E+000  <-- h
                      0.0000000000000000E+000    9.1495549343513485E+000    0.0000000000000000E+000  <-- h
                      0.0000000000000000E+000    0.0000000000000000E+000    9.1495549343513485E+000  <-- h
                     -1.5601451175197012E-004   -1.8528845721187820E-022    0.0000000000000000E+000  <-- S
                     -1.8528845721187820E-022   -1.5648680147154314E-004    0.0000000000000000E+000  <-- S
                      0.0000000000000000E+000    0.0000000000000000E+000   -1.5648680147154314E-004  <-- S
 O               1    4.5754692312517431E+000    4.5747774671756742E+000    4.5747774671756742E+000  <-- R
 O               2    4.5754692312517431E+000    0.0000000000000000E+000    0.0000000000000000E+000  <-- R
 O               3    0.0000000000000000E+000    4.5747774671756742E+000    0.0000000000000000E+000  <-- R
 O               4    0.0000000000000000E+000    0.0000000000000000E+000    4.5747774671756742E+000  <-- R
 Mg              1    4.5754692312517431E+000    0.0000000000000000E+000    4.5747774671756742E+000  <-- R
 Mg              2    4.5754692312517431E+000    4.5747774671756742E+000    0.0000000000000000E+000  <-- R
 Ca              1    0.0000000000000000E+000    0.0000000000000000E+000    0.0000000000000000E+000  <-- R
 Ca              2    0.0000000000000000E+000    4.5747774671756742E+000    4.5747774671756742E+000  <-- R
 O               1    0.0000000000000000E+000    0.0000000000000000E+000    0.0000000000000000E+000  <-- F
 O               2    0.0000000000000000E+000    0.0000000000000000E+000    0.0000000000000000E+000  <-- F
 O               3    0.0000000000000000E+000    0.0000000000000000E+000    0.0000000000000000E+000  <-- F
 O               4    0.0000000000000000E+000    0.0000000000000000E+000    0.0000000000000000E+000  <-- F
 Mg              1    0.0000000000000000E+000    0.0000000000000000E+000    0.0000000000000000E+000  <-- F
 Mg              2    0.0000000000000000E+000    0.0000000000000000E+000    0.0000000000000000E+000  <-- F
 Ca              1    0.0000000000000000E+000    0.0000000000000000E+000    0.0000000000000000E+000  <-- F
 Ca              2    0.0000000000000000E+000    0.0000000000000000E+000    0.0000000000000000E+000  <-- F
  
                                      2                                     F   T   T   F            <-- c
                     -2.5887383317821605E+002   -2.5887383317821605E+002                             <-- E
                      9.4635544103171565E+000   -1.7662476043017705E-036   -1.7662476043017705E-036  <-- h
                     -1.7662476043017705E-036    9.4620794651948170E+000    0.0000000000000000E+000  <-- h
                     -1.7662476043017705E-036    0.0000000000000000E+000    9.4620794651948170E+000  <-- h
                      3.6921166580203280E-005   -1.5881867761018131E-022    0.0000000000000000E+000  <-- S
                     -1.5881867761018131E-022    3.8041802167060983E-005    0.0000000000000000E+000  <-- S
                      0.0000000000000000E+000    0.0000000000000000E+000    3.8041802167060990E-005  <-- S
 O               1    4.7317772051585782E+000    4.7310397325974085E+000    4.7310397325974085E+000  <-- R
 O               2    4.7317772051585782E+000   -8.8312380215088523E-037   -8.8312380215088523E-037  <-- R
 O               3   -8.8312380215088523E-037    4.7310397325974085E+000    0.0000000000000000E+000  <-- R
 O               4   -8.8312380215088523E-037    0.0000000000000000E+000    4.7310397325974085E+000  <-- R
 Mg              1    4.7317772051585782E+000   -8.8312380215088523E-037    4.7310397325974085E+000  <-- R
 Mg              2    4.7317772051585782E+000    4.7310397325974085E+000   -8.8312380215088523E-037  <-- R
 Ca              1    0.0000000000000000E+000    0.0000000000000000E+000    0.0000000000000000E+000  <-- R
 Ca              2   -1.7662476043017705E-036    4.7310397325974085E+000    4.7310397325974085E+000  <-- R
 O               1    0.0000000000000000E+000    0.0000000000000000E+000    0.0000000000000000E+000  <-- F
 O               2    0.0000000000000000E+000    0.0000000000000000E+000    0.0000000000000000E+000  <-- F
 O               3    0.0000000000000000E+000    0.0000000000000000E+000    0.0000000000000000E+000  <-- F
 O               4    0.0000000000000000E+000    0.0000000000000000E+000    0.0000000000000000E+000  <-- F
 Mg              1    0.0000000000000000E+000    0.0000000000000000E+000    0.0000000000000000E+000  <-- F
 Mg              2    0.0000000000000000E+000    0.0000000000000000E+000    0.0000000000000000E+000  <-- F
 Ca              1    0.0000000000000000E+000    0.0000000000000000E+000    0.0000000000000000E+000  <-- F
 Ca              2    0.0000000000000000E+000    0.0000000000000000E+000    0.0000000000000000E+000  <-- F
  
                                      3                                     F   T   T   F            <-- c
                     -2.5888573041214477E+002   -2.5888573041214477E+002                             <-- E
                      9.3996147971169126E+000   -1.9599504043193410E-036   -2.0799410071424199E-036  <-- h
                     -1.9599504043193410E-036    9.3979879214460187E+000    7.0197125229892983E-078  <-- h
                     -2.0799410071424199E-036    7.0197125229892983E-078    9.3979879214460187E+000  <-- h
                     -2.0672276590929205E-005    5.2939559203393771E-022    0.0000000000000000E+000  <-- S
                      5.2939559203393771E-022   -2.0080256924483002E-005    0.0000000000000000E+000  <-- S
                      0.0000000000000000E+000    0.0000000000000000E+000   -2.0080256924483002E-005  <-- S
 O               1    4.6998073985584563E+000    4.6989939607230093E+000    4.6989939607230093E+000  <-- R
 O               2    4.6998073985584563E+000   -9.7997520215967049E-037   -1.0399705035712100E-036  <-- R
 O               3   -9.7997520215967049E-037    4.6989939607230093E+000    3.5098562614946491E-078  <-- R
 O               4   -1.0399705035712100E-036    3.5098562614946491E-078    4.6989939607230093E+000  <-- R
 Mg              1    4.6998073985584563E+000   -9.7997520215967049E-037    4.6989939607230093E+000  <-- R
 Mg              2    4.6998073985584563E+000    4.6989939607230093E+000   -1.0399705035712100E-036  <-- R
 Ca              1    0.0000000000000000E+000    0.0000000000000000E+000    0.0000000000000000E+000  <-- R
 Ca              2   -2.0199457057308805E-036    4.6989939607230093E+000    4.6989939607230093E+000  <-- R
 O               1    0.0000000000000000E+000    0.0000000000000000E+000    0.0000000000000000E+000  <-- F
 O               2    0.0000000000000000E+000    0.0000000000000000E+000    0.0000000000000000E+000  <-- F
 O               3    0.0000000000000000E+000    0.0000000000000000E+000    0.0000000000000000E+000  <-- F
 O               4    0.0000000000000000E+000    0.0000000000000000E+000    0.0000000000000000E+000  <-- F
 Mg              1    0.0000000000000000E+000    0.0000000000000000E+000    0.0000000000000000E+000  <-- F
 Mg              2    0.0000000000000000E+000    0.0000000000000000E+000    0.0000000000000000E+000  <-- F
 Ca              1    0.0000000000000000E+000    0.0000000000000000E+000    0.0000000000000000E+000  <-- F
 Ca              2    0.0000000000000000E+000    0.0000000000000000E+000    0.0000000000000000E+000  <-- F
  
                                      4                                     F   T   T   F            <-- c
                     -2.5887785473356081E+002   -2.5887785473356081E+002                             <-- E
                      9.4261834998433738E+000   -1.9599504043193410E-036   -2.1488293348556844E-036  <-- h
                     -1.9599504043193410E-036    9.4244238084954599E+000    6.0194128945996176E-078  <-- h
                     -2.1488293348556844E-036    6.0194128945996176E-078    9.4244238084954599E+000  <-- h
                      1.6824199445555910E-005    1.5881867761018131E-022    0.0000000000000000E+000  <-- S
                      1.5881867761018131E-022    1.7662180935679086E-005    0.0000000000000000E+000  <-- S
                      0.0000000000000000E+000    0.0000000000000000E+000    1.7662180935679086E-005  <-- S
 O               1    4.7130917499216869E+000    4.7122119042477300E+000    4.7122119042477300E+000  <-- R
 O               2    4.7130917499216869E+000   -9.7997520215967049E-037   -1.0744146674278422E-036  <-- R
 O               3   -9.7997520215967049E-037    4.7122119042477300E+000    3.0097064472998088E-078  <-- R
 O               4   -1.0744146674278422E-036    3.0097064472998088E-078    4.7122119042477300E+000  <-- R
 Mg              1    4.7130917499216869E+000   -9.7997520215967049E-037    4.7122119042477300E+000  <-- R
 Mg              2    4.7130917499216869E+000    4.7122119042477300E+000   -1.0744146674278422E-036  <-- R
 Ca              1    0.0000000000000000E+000    0.0000000000000000E+000    0.0000000000000000E+000  <-- R
 Ca              2   -2.0543898695875127E-036    4.7122119042477300E+000    4.7122119042477300E+000  <-- R
 O               1    0.0000000000000000E+000    0.0000000000000000E+000    0.0000000000000000E+000  <-- F
 O               2    0.0000000000000000E+000    0.0000000000000000E+000    0.0000000000000000E+000  <-- F
 O               3    0.0000000000000000E+000    0.0000000000000000E+000    0.0000000000000000E+000  <-- F
 O               4    0.0000000000000000E+000    0.0000000000000000E+000    0.0000000000000000E+000  <-- F
 Mg              1    0.0000000000000000E+000    0.0000000000000000E+000    0.0000000000000000E+000  <-- F
 Mg              2    0.0000000000000000E+000    0.0000000000000000E+000    0.0000000000000000E+000  <-- F
 Ca              1    0.0000000000000000E+000    0.0000000000000000E+000    0.0000000000000000E+000  <-- F
 Ca              2    0.0000000000000000E+000    0.0000000000000000E+000    0.0000000000000000E+000  <-- F
  
                                      5                                     F   T   T   F            <-- c
                     -2.5888017099456056E+002   -2.5888017099456056E+002                             <-- E
                      9.4209372768436577E+000   -2.6264389921166109E-036   -2.6861740634871436E-036  <-- h
                     -2.6264389921166109E-036    9.4191382992467432E+000    6.0787585657023024E-078  <-- h
                     -2.6861740634871436E-036    6.0787585657023024E-078    9.4191382992467432E+000  <-- h
                      1.1933873469404006E-005   -5.2939559203393771E-022    0.0000000000000000E+000  <-- S
                     -5.2939559203393771E-022    1.3238453355508134E-006    0.0000000000000000E+000  <-- S
                      0.0000000000000000E+000    0.0000000000000000E+000    1.3238453355508134E-006  <-- S
 O               1    4.7104686384218288E+000    4.7095691496233716E+000    4.7095691496233716E+000  <-- R
 O               2    4.7104686384218288E+000   -1.3132194960583055E-036   -1.3430870317435718E-036  <-- R
 O               3   -1.3132194960583055E-036    4.7095691496233716E+000    3.0393792828511512E-078  <-- R
 O               4   -1.3430870317435718E-036    3.0393792828511512E-078    4.7095691496233716E+000  <-- R
 Mg              1    4.7104686384218288E+000   -1.3132194960583055E-036    4.7095691496233716E+000  <-- R
 Mg              2    4.7104686384218288E+000    4.7095691496233716E+000   -1.3430870317435718E-036  <-- R
 Ca              1    0.0000000000000000E+000    0.0000000000000000E+000    0.0000000000000000E+000  <-- R
 Ca              2   -2.6563065278018771E-036    4.7095691496233716E+000    4.7095691496233716E+000  <-- R
 O               1    0.0000000000000000E+000    0.0000000000000000E+000    0.0000000000000000E+000  <-- F
 O               2    0.0000000000000000E+000    0.0000000000000000E+000    0.0000000000000000E+000  <-- F
 O               3    0.0000000000000000E+000    0.0000000000000000E+000    0.0000000000000000E+000  <-- F
 O               4    0.0000000000000000E+000    0.0000000000000000E+000    0.0000000000000000E+000  <-- F
 Mg              1    0.0000000000000000E+000    0.0000000000000000E+000    0.0000000000000000E+000  <-- F
 Mg              2    0.0000000000000000E+000    0.0000000000000000E+000    0.0000000000000000E+000  <-- F
 Ca              1    0.0000000000000000E+000    0.0000000000000000E+000    0.0000000000000000E+000  <-- F
 Ca              2    0.0000000000000000E+000    0.0000000000000000E+000    0.0000000000000000E+000  <-- F
  
                                      6                                     T   T   T   F            <-- c
                     -2.5888017076808569E+002   -2.5888017076808569E+002                             <-- E
                      9.4211378369888763E+000   -2.6264389921166109E-036   -2.6917798986199139E-036  <-- h
                     -2.6264389921166109E-036    9.4192064732704424E+000    6.1282234514680720E-078  <-- h
                     -2.6917798986199139E-036    6.1282234514680720E-078    9.4192064732704424E+000  <-- h
                      1.1861567207948308E-005    1.0587911840678754E-022    0.0000000000000000E+000  <-- S
                      1.0587911840678754E-022    1.2638809900877845E-006    0.0000000000000000E+000  <-- S
                      0.0000000000000000E+000    0.0000000000000000E+000    1.2638809900877845E-006  <-- S
 O               1    4.7105689184944382E+000    4.7096032366352212E+000    4.7096032366352212E+000  <-- R
 O               2    4.7105689184944382E+000   -1.3132194960583055E-036   -1.3458899493099569E-036  <-- R
 O               3   -1.3132194960583055E-036    4.7096032366352212E+000    3.0641117257340360E-078  <-- R
 O               4   -1.3458899493099569E-036    3.0641117257340360E-078    4.7096032366352212E+000  <-- R
 Mg              1    4.7105689184944382E+000   -1.3132194960583055E-036    4.7096032366352212E+000  <-- R
 Mg              2    4.7105689184944382E+000    4.7096032366352212E+000   -1.3458899493099569E-036  <-- R
 Ca              1    0.0000000000000000E+000    0.0000000000000000E+000    0.0000000000000000E+000  <-- R
 Ca              2   -2.6591094453682624E-036    4.7096032366352212E+000    4.7096032366352212E+000  <-- R
 O               1    0.0000000000000000E+000    0.0000000000000000E+000    0.0000000000000000E+000  <-- F
 O               2    0.0000000000000000E+000    0.0000000000000000E+000    0.0000000000000000E+000  <-- F
 O               3    0.0000000000000000E+000    0.0000000000000000E+000    0.0000000000000000E+000  <-- F
 O               4    0.0000000000000000E+000    0.0000000000000000E+000    0.0000000000000000E+000  <-- F
 Mg              1    0.0000000000000000E+000    0.0000000000000000E+000    0.0000000000000000E+000  <-- F
 Mg              2    0.0000000000000000E+000    0.0000000000000000E+000    0.0000000000000000E+000  <-- F
 Ca              1    0.0000000000000000E+000    0.0000000000000000E+000    0.0000000000000000E+000  <-- F
 Ca              2    0.0000000000000000E+000    0.0000000000000000E+000    0.0000000000000000E+000  <-- F
  
                                      7                                     F   T   T   F            <-- c
                     -2.5888237651993796E+002   -2.5888237651993796E+002                             <-- E
                      9.4201065362927334E+000   -2.6264389921166109E-036   -2.6917900899913360E-036  <-- h
                     -2.6264389921166109E-036    9.4190965629536567E+000    6.4018600119191266E-078  <-- h
                     -2.6917900899913360E-036    6.4018600119191266E-078    9.4190965629536567E+000  <-- h
                      1.4621739811270656E-006    3.1763735522036263E-022    0.0000000000000000E+000  <-- S
                      3.1763735522036263E-022   -1.2888193459620681E-005    0.0000000000000000E+000  <-- S
                      0.0000000000000000E+000    0.0000000000000000E+000   -1.2888193459620681E-005  <-- S
 O               1    4.7100532681463667E+000    4.7095482814768284E+000    4.7095482814768284E+000  <-- R
 O               2    4.7100532681463667E+000   -1.3132194960583055E-036   -1.3458950449956680E-036  <-- R
 O               3   -1.3132194960583055E-036    4.7095482814768284E+000    3.2009300059595633E-078  <-- R
 O               4   -1.3458950449956680E-036    3.2009300059595633E-078    4.7095482814768284E+000  <-- R
 Mg              1    4.7100532681463667E+000   -1.3132194960583055E-036    4.7095482814768284E+000  <-- R
 Mg              2    4.7100532681463667E+000    4.7095482814768284E+000   -1.3458950449956680E-036  <-- R
 Ca              1    0.0000000000000000E+000    0.0000000000000000E+000    0.0000000000000000E+000  <-- R
 Ca              2   -2.6591145410539736E-036    4.7095482814768284E+000    4.7095482814768284E+000  <-- R
 O               1    0.0000000000000000E+000    0.0000000000000000E+000    0.0000000000000000E+000  <-- F
 O               2    0.0000000000000000E+000    0.0000000000000000E+000    0.0000000000000000E+000  <-- F
 O               3    0.0000000000000000E+000    0.0000000000000000E+000    0.0000000000000000E+000  <-- F
 O               4    0.0000000000000000E+000    0.0000000000000000E+000    0.0000000000000000E+000  <-- F
 Mg              1    0.0000000000000000E+000    0.0000000000000000E+000    0.0000000000000000E+000  <-- F
 Mg              2    0.0000000000000000E+000    0.0000000000000000E+000    0.0000000000000000E+000  <-- F
 Ca              1    0.0000000000000000E+000    0.0000000000000000E+000    0.0000000000000000E+000  <-- F
 Ca              2    0.0000000000000000E+000    0.0000000000000000E+000    0.0000000000000000E+000  <-- F
  
                                      8                                     T   T   T   F            <-- c
                     -2.5888237605330056E+002   -2.5888237605330056E+002                             <-- E
                      9.4205831224759411E+000   -2.6264389921166109E-036   -2.6917913946242130E-036  <-- h
                     -2.6264389921166109E-036    9.4189188891471396E+000    6.9616492019685270E-078  <-- h
                     -2.6917913946242130E-036    6.9616492019685270E-078    9.4189188891471396E+000  <-- h
                      1.3657523223646953E-006    2.1175823681357508E-022    0.0000000000000000E+000  <-- S
                      2.1175823681357508E-022   -1.2857222106156183E-005    0.0000000000000000E+000  <-- S
                      0.0000000000000000E+000    0.0000000000000000E+000   -1.2857222106156183E-005  <-- S
 O               1    4.7102915612379705E+000    4.7094594445735698E+000    4.7094594445735698E+000  <-- R
 O               2    4.7102915612379705E+000   -1.3132194960583055E-036   -1.3458956973121065E-036  <-- R
 O               3   -1.3132194960583055E-036    4.7094594445735698E+000    3.4808246009842635E-078  <-- R
 O               4   -1.3458956973121065E-036    3.4808246009842635E-078    4.7094594445735698E+000  <-- R
 Mg              1    4.7102915612379705E+000   -1.3132194960583055E-036    4.7094594445735698E+000  <-- R
 Mg              2    4.7102915612379705E+000    4.7094594445735698E+000   -1.3458956973121065E-036  <-- R
 Ca              1    0.0000000000000000E+000    0.0000000000000000E+000    0.0000000000000000E+000  <-- R
 Ca              2   -2.6591151933704122E-036    4.7094594445735698E+000    4.7094594445735698E+000  <-- R
 O               1    0.0000000000000000E+000    0.0000000000000000E+000    0.0000000000000000E+000  <-- F
 O               2    0.0000000000000000E+000    0.0000000000000000E+000    0.0000000000000000E+000  <-- F
 O               3    0.0000000000000000E+000    0.0000000000000000E+000    0.0000000000000000E+000  <-- F
 O               4    0.0000000000000000E+000    0.0000000000000000E+000    0.0000000000000000E+000  <-- F
 Mg              1    0.0000000000000000E+000    0.0000000000000000E+000    0.0000000000000000E+000  <-- F
 Mg              2    0.0000000000000000E+000    0.0000000000000000E+000    0.0000000000000000E+000  <-- F
 Ca              1    0.0000000000000000E+000    0.0000000000000000E+000    0.0000000000000000E+000  <-- F
 Ca              2    0.0000000000000000E+000    0.0000000000000000E+000    0.0000000000000000E+000  <-- F
  
                                      9                                     F   T   T   F            <-- c
                     -2.5888109825937255E+002   -2.5888109825937255E+002                             <-- E
                      9.4205554689159960E+000   -2.6264389921166109E-036   -2.6917893166265995E-036  <-- h
                     -2.6264389921166109E-036    9.4191792663607572E+000    6.3133449904062868E-078  <-- h
                     -2.6917893166265995E-036    6.3133449904062868E-078    9.4191792663607572E+000  <-- h
                      8.3280595563686721E-006    1.0587911840678754E-022    0.0000000000000000E+000  <-- S
                      1.0587911840678754E-022   -2.4000169661637753E-006    0.0000000000000000E+000  <-- S
                      0.0000000000000000E+000    0.0000000000000000E+000   -2.4000169661637753E-006  <-- S
 O               1    4.7102777344579980E+000    4.7095896331803786E+000    4.7095896331803786E+000  <-- R
 O               2    4.7102777344579980E+000   -1.3132194960583055E-036   -1.3458946583132997E-036  <-- R
 O               3   -1.3132194960583055E-036    4.7095896331803786E+000    3.1566724952031434E-078  <-- R
 O               4   -1.3458946583132997E-036    3.1566724952031434E-078    4.7095896331803786E+000  <-- R
 Mg              1    4.7102777344579980E+000   -1.3132194960583055E-036    4.7095896331803786E+000  <-- R
 Mg              2    4.7102777344579980E+000    4.7095896331803786E+000   -1.3458946583132997E-036  <-- R
 Ca              1    0.0000000000000000E+000    0.0000000000000000E+000    0.0000000000000000E+000  <-- R
 Ca              2   -2.6591141543716052E-036    4.7095896331803786E+000    4.7095896331803786E+000  <-- R
 O               1    0.0000000000000000E+000    0.0000000000000000E+000    0.0000000000000000E+000  <-- F
 O               2    0.0000000000000000E+000    0.0000000000000000E+000    0.0000000000000000E+000  <-- F
 O               3    0.0000000000000000E+000    0.0000000000000000E+000    0.0000000000000000E+000  <-- F
 O               4    0.0000000000000000E+000    0.0000000000000000E+000    0.0000000000000000E+000  <-- F
 Mg              1    0.0000000000000000E+000    0.0000000000000000E+000    0.0000000000000000E+000  <-- F
 Mg              2    0.0000000000000000E+000    0.0000000000000000E+000    0.0000000000000000E+000  <-- F
 Ca              1    0.0000000000000000E+000    0.0000000000000000E+000    0.0000000000000000E+000  <-- F
 Ca              2    0.0000000000000000E+000    0.0000000000000000E+000    0.0000000000000000E+000  <-- F
  
                                     10                                     F   T   T   F            <-- c
                     -2.5887788483646705E+002   -2.5887788483646705E+002                             <-- E
                      9.4199421204752998E+000   -2.6264389921166109E-036   -2.6917946270445488E-036  <-- h
                     -2.6264389921166109E-036    9.4194541965965204E+000    6.4139500581443678E-078  <-- h
                     -2.6917946270445488E-036    6.4139500581443678E-078    9.4194541965965204E+000  <-- h
                      2.4260556018668514E-005    5.2939559203393771E-022    0.0000000000000000E+000  <-- S
                      5.2939559203393771E-022    2.4784244268642557E-005    0.0000000000000000E+000  <-- S
                      0.0000000000000000E+000    0.0000000000000000E+000    2.4784244268642557E-005  <-- S
 O               1    4.7099710602376499E+000    4.7097270982982602E+000    4.7097270982982602E+000  <-- R
 O               2    4.7099710602376499E+000   -1.3132194960583055E-036   -1.3458973135222744E-036  <-- R
 O               3   -1.3132194960583055E-036    4.7097270982982602E+000    3.2069750290721839E-078  <-- R
 O               4   -1.3458973135222744E-036    3.2069750290721839E-078    4.7097270982982602E+000  <-- R
 Mg              1    4.7099710602376499E+000   -1.3132194960583055E-036    4.7097270982982602E+000  <-- R
 Mg              2    4.7099710602376499E+000    4.7097270982982602E+000   -1.3458973135222744E-036  <-- R
 Ca              1    0.0000000000000000E+000    0.0000000000000000E+000    0.0000000000000000E+000  <-- R
 Ca              2   -2.6591168095805800E-036    4.7097270982982602E+000    4.7097270982982602E+000  <-- R
 O               1    0.0000000000000000E+000    0.0000000000000000E+000    0.0000000000000000E+000  <-- F
 O               2    0.0000000000000000E+000    0.0000000000000000E+000    0.0000000000000000E+000  <-- F
 O               3    0.0000000000000000E+000    0.0000000000000000E+000    0.0000000000000000E+000  <-- F
 O               4    0.0000000000000000E+000    0.0000000000000000E+000    0.0000000000000000E+000  <-- F
 Mg              1    0.0000000000000000E+000    0.0000000000000000E+000    0.0000000000000000E+000  <-- F
 Mg              2    0.0000000000000000E+000    0.0000000000000000E+000    0.0000000000000000E+000  <-- F
 Ca              1    0.0000000000000000E+000    0.0000000000000000E+000    0.0000000000000000E+000  <-- F
 Ca              2    0.0000000000000000E+000    0.0000000000000000E+000    0.0000000000000000E+000  <-- F
  
                                     11                                     F   T   T   F            <-- c
                     -2.5887968054705732E+002   -2.5887968054705732E+002                             <-- E
                      9.4202759995692524E+000   -2.6264389921166109E-036   -2.6917941841601922E-036  <-- h
                     -2.6264389921166109E-036    9.4193548808713565E+000    6.4149511794837655E-078  <-- h
                     -2.6917941841601922E-036    6.4149511794837655E-078    9.4193548808713565E+000  <-- h
                      1.3594632541008738E-005   -1.5881867761018131E-022    0.0000000000000000E+000  <-- S
                     -1.5881867761018131E-022    4.8094536277262442E-006    0.0000000000000000E+000  <-- S
                      0.0000000000000000E+000    0.0000000000000000E+000    4.8094536277262442E-006  <-- S
 O               1    4.7101379997846262E+000    4.7096774404356783E+000    4.7096774404356783E+000  <-- R
 O               2    4.7101379997846262E+000   -1.3132194960583055E-036   -1.3458970920800961E-036  <-- R
 O               3   -1.3132194960583055E-036    4.7096774404356783E+000    3.2074755897418828E-078  <-- R
 O               4   -1.3458970920800961E-036    3.2074755897418828E-078    4.7096774404356783E+000  <-- R
 Mg              1    4.7101379997846262E+000   -1.3132194960583055E-036    4.7096774404356783E+000  <-- R
 Mg              2    4.7101379997846262E+000    4.7096774404356783E+000   -1.3458970920800961E-036  <-- R
 Ca              1    0.0000000000000000E+000    0.0000000000000000E+000    0.0000000000000000E+000  <-- R
 Ca              2   -2.6591165881384015E-036    4.7096774404356783E+000    4.7096774404356783E+000  <-- R
 O               1    0.0000000000000000E+000    0.0000000000000000E+000    0.0000000000000000E+000  <-- F
 O               2    0.0000000000000000E+000    0.0000000000000000E+000    0.0000000000000000E+000  <-- F
 O               3    0.0000000000000000E+000    0.0000000000000000E+000    0.0000000000000000E+000  <-- F
 O               4    0.0000000000000000E+000    0.0000000000000000E+000    0.0000000000000000E+000  <-- F
 Mg              1    0.0000000000000000E+000    0.0000000000000000E+000    0.0000000000000000E+000  <-- F
 Mg              2    0.0000000000000000E+000    0.0000000000000000E+000    0.0000000000000000E+000  <-- F
 Ca              1    0.0000000000000000E+000    0.0000000000000000E+000    0.0000000000000000E+000  <-- F
 Ca              2    0.0000000000000000E+000    0.0000000000000000E+000    0.0000000000000000E+000  <-- F
  
                                     12                                     F   T   T   F            <-- c
                     -2.5888190813276088E+002   -2.5888190813276088E+002                             <-- E
                      9.4093899299830284E+000   -2.6264389921166109E-036   -2.6917947205569402E-036  <-- h
                     -2.6264389921166109E-036    9.4223043011020238E+000    6.4248000087950036E-078  <-- h
                     -2.6917947205569402E-036    6.4248000087950036E-078    9.4223043011020238E+000  <-- h
                     -1.2321175162360344E-005   -5.2939559203393771E-023    0.0000000000000000E+000  <-- S
                     -5.2939559203393771E-023   -3.0380921425894776E-006    0.0000000000000000E+000  <-- S
                      0.0000000000000000E+000    0.0000000000000000E+000   -3.0380921425894776E-006  <-- S
 O               1    4.7046949649915142E+000    4.7111521505510119E+000    4.7111521505510119E+000  <-- R
 O               2    4.7046949649915142E+000   -1.3132194960583055E-036   -1.3458973602784701E-036  <-- R
 O               3   -1.3132194960583055E-036    4.7111521505510119E+000    3.2124000043975018E-078  <-- R
 O               4   -1.3458973602784701E-036    3.2124000043975018E-078    4.7111521505510119E+000  <-- R
 Mg              1    4.7046949649915142E+000   -1.3132194960583055E-036    4.7111521505510119E+000  <-- R
 Mg              2    4.7046949649915142E+000    4.7111521505510119E+000   -1.3458973602784701E-036  <-- R
 Ca              1    0.0000000000000000E+000    0.0000000000000000E+000    0.0000000000000000E+000  <-- R
 Ca              2   -2.6591168563367756E-036    4.7111521505510119E+000    4.7111521505510119E+000  <-- R
 O               1    0.0000000000000000E+000    0.0000000000000000E+000    0.0000000000000000E+000  <-- F
 O               2    0.0000000000000000E+000    0.0000000000000000E+000    0.0000000000000000E+000  <-- F
 O               3    0.0000000000000000E+000    0.0000000000000000E+000    0.0000000000000000E+000  <-- F
 O               4    0.0000000000000000E+000    0.0000000000000000E+000    0.0000000000000000E+000  <-- F
 Mg              1    0.0000000000000000E+000    0.0000000000000000E+000    0.0000000000000000E+000  <-- F
 Mg              2    0.0000000000000000E+000    0.0000000000000000E+000    0.0000000000000000E+000  <-- F
 Ca              1    0.0000000000000000E+000    0.0000000000000000E+000    0.0000000000000000E+000  <-- F
 Ca              2    0.0000000000000000E+000    0.0000000000000000E+000    0.0000000000000000E+000  <-- F
  
                                     13                                     F   T   T   F            <-- c
                     -2.5888272513015954E+002   -2.5888272513015954E+002                             <-- E
                      9.3646831132171151E+000   -2.6264389921166109E-036   -2.6917948616191035E-036  <-- h
                     -2.6264389921166109E-036    9.4344200165099448E+000    6.4249957738680163E-078  <-- h
                     -2.6917948616191035E-036    6.4249957738680163E-078    9.4344200165099448E+000  <-- h
                     -1.0511398397658120E-005    5.2939559203393771E-023    0.0000000000000000E+000  <-- S
                      5.2939559203393771E-023   -4.9296536127497320E-006    0.0000000000000000E+000  <-- S
                      0.0000000000000000E+000    0.0000000000000000E+000   -4.9296536127497320E-006  <-- S
 O               1    4.6823415566085576E+000    4.7172100082549724E+000    4.7172100082549724E+000  <-- R
 O               2    4.6823415566085576E+000   -1.3132194960583055E-036   -1.3458974308095517E-036  <-- R
 O               3   -1.3132194960583055E-036    4.7172100082549724E+000    3.2124978869340082E-078  <-- R
 O               4   -1.3458974308095517E-036    3.2124978869340082E-078    4.7172100082549724E+000  <-- R
 Mg              1    4.6823415566085576E+000   -1.3132194960583055E-036    4.7172100082549724E+000  <-- R
 Mg              2    4.6823415566085576E+000    4.7172100082549724E+000   -1.3458974308095517E-036  <-- R
 Ca              1    0.0000000000000000E+000    0.0000000000000000E+000    0.0000000000000000E+000  <-- R
 Ca              2   -2.6591169268678574E-036    4.7172100082549724E+000    4.7172100082549724E+000  <-- R
 O               1    0.0000000000000000E+000    0.0000000000000000E+000    0.0000000000000000E+000  <-- F
 O               2    0.0000000000000000E+000    0.0000000000000000E+000    0.0000000000000000E+000  <-- F
 O               3    0.0000000000000000E+000    0.0000000000000000E+000    0.0000000000000000E+000  <-- F
 O               4    0.0000000000000000E+000    0.0000000000000000E+000    0.0000000000000000E+000  <-- F
 Mg              1    0.0000000000000000E+000    0.0000000000000000E+000    0.0000000000000000E+000  <-- F
 Mg              2    0.0000000000000000E+000    0.0000000000000000E+000    0.0000000000000000E+000  <-- F
 Ca              1    0.0000000000000000E+000    0.0000000000000000E+000    0.0000000000000000E+000  <-- F
 Ca              2    0.0000000000000000E+000    0.0000000000000000E+000    0.0000000000000000E+000  <-- F
  
                                     14                                     F   T   T   F            <-- c
                     -2.5887961555453938E+002   -2.5887961555453938E+002                             <-- E
                      9.3934101062874316E+000   -2.6264389921166109E-036   -2.6914186057066445E-036  <-- h
                     -2.6264389921166109E-036    9.4477928659832138E+000   -2.7015388989731608E-077  <-- h
                     -2.6914186057066445E-036   -2.7015388989731608E-077    9.4477928659832138E+000  <-- h
                     -8.2482128649320405E-006    2.1175823681357508E-022    0.0000000000000000E+000  <-- S
                      2.1175823681357508E-022   -4.8070569713411747E-006    0.0000000000000000E+000  <-- S
                      0.0000000000000000E+000    0.0000000000000000E+000   -4.8070569713411747E-006  <-- S
 O               1    4.6967050531437158E+000    4.7238964329916069E+000    4.7238964329916069E+000  <-- R
 O               2    4.6967050531437158E+000   -1.3132194960583055E-036   -1.3457093028533222E-036  <-- R
 O               3   -1.3132194960583055E-036    4.7238964329916069E+000   -1.3507694494865804E-077  <-- R
 O               4   -1.3457093028533222E-036   -1.3507694494865804E-077    4.7238964329916069E+000  <-- R
 Mg              1    4.6967050531437158E+000   -1.3132194960583055E-036    4.7238964329916069E+000  <-- R
 Mg              2    4.6967050531437158E+000    4.7238964329916069E+000   -1.3457093028533222E-036  <-- R
 Ca              1    0.0000000000000000E+000    0.0000000000000000E+000    0.0000000000000000E+000  <-- R
 Ca              2   -2.6589287989116275E-036    4.7238964329916069E+000    4.7238964329916069E+000  <-- R
 O               1    0.0000000000000000E+000    0.0000000000000000E+000    0.0000000000000000E+000  <-- F
 O               2    0.0000000000000000E+000    0.0000000000000000E+000    0.0000000000000000E+000  <-- F
 O               3    0.0000000000000000E+000    0.0000000000000000E+000    0.0000000000000000E+000  <-- F
 O               4    0.0000000000000000E+000    0.0000000000000000E+000    0.0000000000000000E+000  <-- F
 Mg              1    0.0000000000000000E+000    0.0000000000000000E+000    0.0000000000000000E+000  <-- F
 Mg              2    0.0000000000000000E+000    0.0000000000000000E+000    0.0000000000000000E+000  <-- F
 Ca              1    0.0000000000000000E+000    0.0000000000000000E+000    0.0000000000000000E+000  <-- F
 Ca              2    0.0000000000000000E+000    0.0000000000000000E+000    0.0000000000000000E+000  <-- F
  
                                     15                                     F   T   T   F            <-- c
                     -2.5887719887443666E+002   -2.5887719887443666E+002                             <-- E
                      9.4116763306545455E+000   -2.6264389921166109E-036   -2.6914036337811070E-036  <-- h
                     -2.6264389921166109E-036    9.4563219668376970E+000   -2.6393975393194891E-077  <-- h
                     -2.6914036337811070E-036   -2.6393975393194891E-077    9.4563219668376970E+000  <-- h
                      5.7091634476768433E-006    6.3527471044072525E-022    0.0000000000000000E+000  <-- S
                      6.3527471044072525E-022    7.0310419264725012E-006    0.0000000000000000E+000  <-- S
                      0.0000000000000000E+000    0.0000000000000000E+000    7.0310419264725012E-006  <-- S
 O               1    4.7058381653272727E+000    4.7281609834188485E+000    4.7281609834188485E+000  <-- R
 O               2    4.7058381653272727E+000   -1.3132194960583055E-036   -1.3457018168905535E-036  <-- R
 O               3   -1.3132194960583055E-036    4.7281609834188485E+000   -1.3196987696597446E-077  <-- R
 O               4   -1.3457018168905535E-036   -1.3196987696597446E-077    4.7281609834188485E+000  <-- R
